1000
984
238
777
969
790
988
598
1
934
6
789
281
50
708
696
273
152
285
569
665
565
3
382
310
180
529
869
324
267
352
36
155
4
776
818
126
550
118
542
733
336
54
954
253
66
291
754
539
436
752
276
999
916
100
661
887
991
778
441
899
111
646
65
750
733
674
714
184
863
354
85
257
919
555
185
797
835
727
940
952
618
239
632
91
456
267
934
996
233
156
580
359
819
184
408
47
878
601
676
467
892
549
484
738
694
2
408
668
782
930
610
411
142
442
442
463
764
995
768
247
913
384
904
974
31
127
228
753
702
907
448
742
121
461
206
811
236
37
24
243
959
436
333
772
277
801
478
241
937
566
180
766
463
997
750
33
933
174
780
563
301
287
380
797
685
169
825
488
827
311
771
197
630
546
74
138
622
376
531
828
172
571
325
742
347
142
508
275
19
624
100
614
306
547
618
735
457
687
269
566
620
546
798
671
550
76
774
692
376
957
877
132
926
957
219
11
899
646
623
978
217
465
993
570
109
808
898
182
197
941
495
89
141
413
20
241
399
170
860
989
434
144
594
612
626
747
623
496
481
128
821
314
564
182
763
699
569
849
870
858
403
49
390
653
762
15
292
559
770
836
219
952
124
408
943
485
81
148
916
883
517
985
792
460
845
519
750
178
331
991
622
856
745
45
934
212
11
135
772
98
131
251
526
504
170
563
405
59
96
561
517
955
10
254
792
352
718
444
62
249
185
767
875
681
524
531
367
273
498
355
110
471
130
165
209
418
703
699
276
336
680
194
967
914
809
960
501
572
464
737
607
431
528
335
78
89
39
337
100
84
420
155
819
790
105
990
191
383
646
426
859
722
806
197
698
777
657
628
496
325
28
190
830
823
366
77
378
76
550
553
548
924
311
65
978
824
923
660
504
537
71
986
516
321
235
243
285
587
154
921
860
420
915
270
311
698
259
25
836
772
848
683
518
716
315
212
525
822
118
806
797
717
239
627
185
403
576
848
259
160
636
8
578
201
284
407
139
930
561
714
452
787
43
51
660
466
34
356
772
744
889
374
272
34
5
865
726
38
9
205
763
804
43
937
676
941
441
391
425
524
190
445
772
714
886
332
615
336
136
78
676
743
650
75
657
245
124
934
396
31
661
828
10
909
143
669
278
225
713
911
598
250
696
962
979
244
75
197
815
782
286
155
328
866
278
813
366
575
889
941
582
8
935
606
355
935
930
910
591
224
917
175
788
124
163
746
623
132
983
617
85
932
84
992
819
483
870
439
43
447
243
249
166
688
250
159
107
776
520
850
930
742
218
466
399
365
847
897
806
789
310
831
925
514
490
197
177
670
12
32
780
738
59
876
365
785
437
15
103
549
567
336
418
520
473
613
975
13
933
834
957
1
862
925
79
358
603
694
909
73
458
403
236
311
938
89
418
946
498
443
78
558
601
410
681
192
335
447
18
934
403
524
574
62
910
261
244
881
480
948
5
662
59
251
299
630
455
147
494
517
860
562
661
972
587
831
682
474
812
889
144
46
13
181
500
245
413
883
316
276
843
343
873
54
697
249
23
958
49
666
754
95
290
989
282
700
739
49
596
704
813
147
571
734
709
459
196
376
426
540
987
208
763
569
320
956
723
432
931
396
483
364
570
242
198
168
920
65
630
908
386
48
534
21
437
821
631
250
969
94
865
14
497
995
117
438
106
493
93
252
529
22
431
690
996
424
496
852
991
419
778
546
735
552
317
52
836
520
340
740
195
181
247
477
940
789
95
105
159
940
231
599
758
321
493
181
882
410
79
176
404
226
572
848
584
158
850
315
714
504
86
837
361
16
749
417
959
226
634
543
750
772
830
415
225
753
259
826
251
970
485
524
249
99
533
292
989
88
840
256
900
528
483
506
16
114
809
275
678
53
610
512
953
920
930
904
807
738
412
885
734
567
703
616
779
1
846
100
237
207
42
776
409
960
87
720
540
426
251
147
213
558
766
442
832
146
482
95
861
910
892
239
805
434
810
348
417
759
77
386
312
131
565
390
263
351
205
596
855
293
546
375
278
115
547
529
268
36
285
523
196
808
876
451
478
430
83
43
255
208
248
602
747
656
627
825
561
63
27
81
570
716
167
464
763
47
721
262
766
423
17
945
645
943
100
850
352
820
534
905
790
677
928
866
992
90
975
370
91
926
858
925
386
682
370
620
377
855
384
798
462
672
1000
547
721
167
422
824
535
594
536
346
346
683
275
635
329
265
89
659
481
906
319
980
885
562
794
509
205
738